{
 "cells": [
  {
   "cell_type": "markdown",
   "metadata": {},
   "source": [
    "# CP 322 - Final Project\n",
    "\n",
    "Aditya Chauhan (169027493)\n",
    "\n",
    "## Introduction\n",
    "\n",
    "### Dataset Choice\n",
    "\n",
    "- [Student Performance Dataset](https://archive.ics.uci.edu/dataset/320/student+performance)\n",
    "\n",
    "### Key Research Questions:\n",
    "\n",
    "- Can external factors such as familial support, alcohol consumption, absences, and many others, predict student's academic success?\n",
    "- If they can, which model can most accurately use the factors to make the prediction?\n",
    "\n",
    "### Imports"
   ]
  },
  {
   "cell_type": "code",
   "execution_count": 59,
   "metadata": {},
   "outputs": [],
   "source": [
    "import pandas as pd\n",
    "import numpy as np\n",
    "import matplotlib.pyplot as plt\n",
    "from sklearn.model_selection import train_test_split\n",
    "from sklearn.tree import DecisionTreeRegressor\n",
    "from sklearn.preprocessing import MinMaxScaler, StandardScaler, RobustScaler, LabelEncoder\n",
    "from sklearn.feature_selection import mutual_info_classif\n",
    "import seaborn as sns\n",
    "from scipy.stats import zscore\n",
    "from sklearn.ensemble import RandomForestRegressor\n",
    "from category_encoders import BinaryEncoder\n",
    "\n",
    "student_mat = pd.read_csv(\"Data/student-mat.csv\", sep=\";\")\n",
    "student_por = pd.read_csv(\"Data/student-por.csv\", sep=\";\")"
   ]
  },
  {
   "cell_type": "markdown",
   "metadata": {},
   "source": [
    "## Data Exploration\n",
    "\n",
    "### Objective & Use Case\n",
    "\n",
    "Student success is a cornerstone of educational systems, and identifying the drivers of academic performance is critical for improving outcomes. This project utilizes the Student Performance Dataset to develop a predictive model that analyzes the factors affecting final grades (G3). By addressing key questions—like the importance of early grades (G1, G2), the role of family support, and the impact of behavioral factors—this model provides practical tools for educators and administrators to allocate resources effectively and support at-risk students.\n",
    "\n",
    "### Dataset Overview"
   ]
  },
  {
   "cell_type": "code",
   "execution_count": 60,
   "metadata": {},
   "outputs": [
    {
     "name": "stdout",
     "output_type": "stream",
     "text": [
      "Number of students in student-mat dataset: 395\n",
      "Number of students in student-por dataset: 649\n",
      "\n",
      "Missing Values in mat:\n",
      " school        0\n",
      "sex           0\n",
      "age           0\n",
      "address       0\n",
      "famsize       0\n",
      "Pstatus       0\n",
      "Medu          0\n",
      "Fedu          0\n",
      "Mjob          0\n",
      "Fjob          0\n",
      "reason        0\n",
      "guardian      0\n",
      "traveltime    0\n",
      "studytime     0\n",
      "failures      0\n",
      "schoolsup     0\n",
      "famsup        0\n",
      "paid          0\n",
      "activities    0\n",
      "nursery       0\n",
      "higher        0\n",
      "internet      0\n",
      "romantic      0\n",
      "famrel        0\n",
      "freetime      0\n",
      "goout         0\n",
      "Dalc          0\n",
      "Walc          0\n",
      "health        0\n",
      "absences      0\n",
      "G1            0\n",
      "G2            0\n",
      "G3            0\n",
      "dtype: int64\n",
      "\n",
      "Summary Statistics of mat:\n",
      "               age        Medu        Fedu  traveltime   studytime    failures  \\\n",
      "count  395.000000  395.000000  395.000000  395.000000  395.000000  395.000000   \n",
      "mean    16.696203    2.749367    2.521519    1.448101    2.035443    0.334177   \n",
      "std      1.276043    1.094735    1.088201    0.697505    0.839240    0.743651   \n",
      "min     15.000000    0.000000    0.000000    1.000000    1.000000    0.000000   \n",
      "25%     16.000000    2.000000    2.000000    1.000000    1.000000    0.000000   \n",
      "50%     17.000000    3.000000    2.000000    1.000000    2.000000    0.000000   \n",
      "75%     18.000000    4.000000    3.000000    2.000000    2.000000    0.000000   \n",
      "max     22.000000    4.000000    4.000000    4.000000    4.000000    3.000000   \n",
      "\n",
      "           famrel    freetime       goout        Dalc        Walc      health  \\\n",
      "count  395.000000  395.000000  395.000000  395.000000  395.000000  395.000000   \n",
      "mean     3.944304    3.235443    3.108861    1.481013    2.291139    3.554430   \n",
      "std      0.896659    0.998862    1.113278    0.890741    1.287897    1.390303   \n",
      "min      1.000000    1.000000    1.000000    1.000000    1.000000    1.000000   \n",
      "25%      4.000000    3.000000    2.000000    1.000000    1.000000    3.000000   \n",
      "50%      4.000000    3.000000    3.000000    1.000000    2.000000    4.000000   \n",
      "75%      5.000000    4.000000    4.000000    2.000000    3.000000    5.000000   \n",
      "max      5.000000    5.000000    5.000000    5.000000    5.000000    5.000000   \n",
      "\n",
      "         absences          G1          G2          G3  \n",
      "count  395.000000  395.000000  395.000000  395.000000  \n",
      "mean     5.708861   10.908861   10.713924   10.415190  \n",
      "std      8.003096    3.319195    3.761505    4.581443  \n",
      "min      0.000000    3.000000    0.000000    0.000000  \n",
      "25%      0.000000    8.000000    9.000000    8.000000  \n",
      "50%      4.000000   11.000000   11.000000   11.000000  \n",
      "75%      8.000000   13.000000   13.000000   14.000000  \n",
      "max     75.000000   19.000000   19.000000   20.000000  \n",
      "\n",
      "Unique Value Counts in mat:\n",
      " {'school': 2, 'sex': 2, 'address': 2, 'famsize': 2, 'Pstatus': 2, 'Mjob': 5, 'Fjob': 5, 'reason': 4, 'guardian': 3, 'schoolsup': 2, 'famsup': 2, 'paid': 2, 'activities': 2, 'nursery': 2, 'higher': 2, 'internet': 2, 'romantic': 2}\n",
      "\n",
      "Missing Values in por:\n",
      " school        0\n",
      "sex           0\n",
      "age           0\n",
      "address       0\n",
      "famsize       0\n",
      "Pstatus       0\n",
      "Medu          0\n",
      "Fedu          0\n",
      "Mjob          0\n",
      "Fjob          0\n",
      "reason        0\n",
      "guardian      0\n",
      "traveltime    0\n",
      "studytime     0\n",
      "failures      0\n",
      "schoolsup     0\n",
      "famsup        0\n",
      "paid          0\n",
      "activities    0\n",
      "nursery       0\n",
      "higher        0\n",
      "internet      0\n",
      "romantic      0\n",
      "famrel        0\n",
      "freetime      0\n",
      "goout         0\n",
      "Dalc          0\n",
      "Walc          0\n",
      "health        0\n",
      "absences      0\n",
      "G1            0\n",
      "G2            0\n",
      "G3            0\n",
      "dtype: int64\n",
      "\n",
      "Summary Statistics of por:\n",
      "               age        Medu        Fedu  traveltime   studytime    failures  \\\n",
      "count  649.000000  649.000000  649.000000  649.000000  649.000000  649.000000   \n",
      "mean    16.744222    2.514638    2.306626    1.568567    1.930663    0.221880   \n",
      "std      1.218138    1.134552    1.099931    0.748660    0.829510    0.593235   \n",
      "min     15.000000    0.000000    0.000000    1.000000    1.000000    0.000000   \n",
      "25%     16.000000    2.000000    1.000000    1.000000    1.000000    0.000000   \n",
      "50%     17.000000    2.000000    2.000000    1.000000    2.000000    0.000000   \n",
      "75%     18.000000    4.000000    3.000000    2.000000    2.000000    0.000000   \n",
      "max     22.000000    4.000000    4.000000    4.000000    4.000000    3.000000   \n",
      "\n",
      "           famrel    freetime       goout        Dalc        Walc      health  \\\n",
      "count  649.000000  649.000000  649.000000  649.000000  649.000000  649.000000   \n",
      "mean     3.930663    3.180277    3.184900    1.502311    2.280431    3.536210   \n",
      "std      0.955717    1.051093    1.175766    0.924834    1.284380    1.446259   \n",
      "min      1.000000    1.000000    1.000000    1.000000    1.000000    1.000000   \n",
      "25%      4.000000    3.000000    2.000000    1.000000    1.000000    2.000000   \n",
      "50%      4.000000    3.000000    3.000000    1.000000    2.000000    4.000000   \n",
      "75%      5.000000    4.000000    4.000000    2.000000    3.000000    5.000000   \n",
      "max      5.000000    5.000000    5.000000    5.000000    5.000000    5.000000   \n",
      "\n",
      "         absences          G1          G2          G3  \n",
      "count  649.000000  649.000000  649.000000  649.000000  \n",
      "mean     3.659476   11.399076   11.570108   11.906009  \n",
      "std      4.640759    2.745265    2.913639    3.230656  \n",
      "min      0.000000    0.000000    0.000000    0.000000  \n",
      "25%      0.000000   10.000000   10.000000   10.000000  \n",
      "50%      2.000000   11.000000   11.000000   12.000000  \n",
      "75%      6.000000   13.000000   13.000000   14.000000  \n",
      "max     32.000000   19.000000   19.000000   19.000000  \n",
      "\n",
      "Unique Value Counts in por:\n",
      " {'school': 2, 'sex': 2, 'address': 2, 'famsize': 2, 'Pstatus': 2, 'Mjob': 5, 'Fjob': 5, 'reason': 4, 'guardian': 3, 'schoolsup': 2, 'famsup': 2, 'paid': 2, 'activities': 2, 'nursery': 2, 'higher': 2, 'internet': 2, 'romantic': 2}\n"
     ]
    }
   ],
   "source": [
    "# Number of students in each dataset\n",
    "print(f\"Number of students in student-mat dataset: {len(student_mat)}\")\n",
    "print(f\"Number of students in student-por dataset: {len(student_por)}\")\n",
    "\n",
    "# Missing value check\n",
    "missing_values_mat = student_mat.isnull().sum()\n",
    "missing_values_por = student_por.isnull().sum()\n",
    "\n",
    "# Summary statistics for numerical columns\n",
    "summary_stats_mat = student_mat.describe()\n",
    "summary_stats_por = student_por.describe()\n",
    "\n",
    "# Unique value counts for categorical columns\n",
    "categorical_columns_mat = student_mat.select_dtypes(include=['object']).columns\n",
    "unique_counts_mat = {col: student_mat[col].nunique() for col in categorical_columns_mat}\n",
    "categorical_columns_por = student_por.select_dtypes(include=['object']).columns\n",
    "unique_counts_por = {col: student_por[col].nunique() for col in categorical_columns_por}\n",
    "\n",
    "print(\"\\nMissing Values in mat:\\n\", missing_values_mat)\n",
    "print(\"\\nSummary Statistics of mat:\\n\", summary_stats_mat)\n",
    "print(\"\\nUnique Value Counts in mat:\\n\", unique_counts_mat)\n",
    "print(\"\\nMissing Values in por:\\n\", missing_values_por)\n",
    "print(\"\\nSummary Statistics of por:\\n\", summary_stats_por)\n",
    "print(\"\\nUnique Value Counts in por:\\n\", unique_counts_por)"
   ]
  },
  {
   "cell_type": "markdown",
   "metadata": {},
   "source": [
    "In summary, the dataset has 0 missing values and a mix of continuous & categorical features"
   ]
  },
  {
   "cell_type": "markdown",
   "metadata": {},
   "source": [
    "### Feature Analysis\n",
    "\n",
    "- Tabular Summary\n",
    "- Analysis of Continuous & Categorical Features\n",
    "- Visualizations"
   ]
  },
  {
   "cell_type": "code",
   "execution_count": 61,
   "metadata": {},
   "outputs": [
    {
     "name": "stdout",
     "output_type": "stream",
     "text": [
      "Analyzing Covariance and Correlation for student-mat Dataset\n",
      "Covariance Matrix for student-mat:\n",
      "                  age      Medu      Fedu  traveltime  studytime  failures  \\\n",
      "age         1.628285 -0.228619 -0.226949    0.062873  -0.004434  0.231221   \n",
      "Medu       -0.228619  1.198445  0.742717   -0.131061   0.059667 -0.192681   \n",
      "Fedu       -0.226949  0.742717  1.184180   -0.120073  -0.008379 -0.202641   \n",
      "traveltime  0.062873 -0.131061 -0.120073    0.486513  -0.059070  0.047844   \n",
      "studytime  -0.004434  0.059667 -0.008379   -0.059070   0.704324 -0.108321   \n",
      "failures    0.231221 -0.192681 -0.202641    0.047844  -0.108321  0.553017   \n",
      "famrel      0.061717 -0.003842 -0.001337   -0.010512   0.029898 -0.029564   \n",
      "freetime    0.020947  0.033779 -0.013963   -0.011861  -0.120041  0.068329   \n",
      "goout       0.180364  0.078115  0.052220    0.022162  -0.059706  0.103123   \n",
      "Dalc        0.149039  0.019341  0.002313    0.085941  -0.146533  0.090118   \n",
      "Walc        0.192733 -0.066440 -0.017702    0.120478  -0.274304  0.135964   \n",
      "health     -0.110326 -0.071349  0.022303    0.007274  -0.088228  0.068059   \n",
      "absences    1.789501  0.878622  0.213134   -0.072255  -0.421127  0.379265   \n",
      "G1         -0.271413  0.746135  0.687245   -0.215402   0.447401 -0.875557   \n",
      "G2         -0.688653  0.887509  0.674953   -0.401940   0.428947 -0.995528   \n",
      "G3         -0.944612  1.089096  0.760078   -0.374337   0.376110 -1.227932   \n",
      "\n",
      "              famrel  freetime     goout      Dalc      Walc    health  \\\n",
      "age         0.061717  0.020947  0.180364  0.149039  0.192733 -0.110326   \n",
      "Medu       -0.003842  0.033779  0.078115  0.019341 -0.066440 -0.071349   \n",
      "Fedu       -0.001337 -0.013963  0.052220  0.002313 -0.017702  0.022303   \n",
      "traveltime -0.010512 -0.011861  0.022162  0.085941  0.120478  0.007274   \n",
      "studytime   0.029898 -0.120041 -0.059706 -0.146533 -0.274304 -0.088228   \n",
      "failures   -0.029564  0.068329  0.103123  0.090118  0.135964  0.068059   \n",
      "famrel      0.803997  0.134974  0.064454 -0.061974 -0.130952  0.117252   \n",
      "freetime    0.134974  0.997725  0.316944  0.185954  0.190163  0.105173   \n",
      "goout       0.064454  0.316944  1.239388  0.264763  0.602744 -0.014824   \n",
      "Dalc       -0.061974  0.185954  0.264763  0.793420  0.742852  0.095579   \n",
      "Walc       -0.130952  0.190163  0.602744  0.742852  1.658678  0.165585   \n",
      "health      0.117252  0.105173 -0.014824  0.095579  0.165585  1.932944   \n",
      "absences   -0.318287 -0.464274  0.394718  0.797758  1.404774 -0.333098   \n",
      "G1          0.065977  0.041817 -0.550967 -0.278385 -0.539388 -0.337666   \n",
      "G2         -0.061659 -0.051764 -0.679438 -0.214836 -0.411425 -0.511039   \n",
      "G3          0.211000  0.051745 -0.677292 -0.223061 -0.306464 -0.390677   \n",
      "\n",
      "             absences         G1         G2         G3  \n",
      "age          1.789501  -0.271413  -0.688653  -0.944612  \n",
      "Medu         0.878622   0.746135   0.887509   1.089096  \n",
      "Fedu         0.213134   0.687245   0.674953   0.760078  \n",
      "traveltime  -0.072255  -0.215402  -0.401940  -0.374337  \n",
      "studytime   -0.421127   0.447401   0.428947   0.376110  \n",
      "failures     0.379265  -0.875557  -0.995528  -1.227932  \n",
      "famrel      -0.318287   0.065977  -0.061659   0.211000  \n",
      "freetime    -0.464274   0.041817  -0.051764   0.051745  \n",
      "goout        0.394718  -0.550967  -0.679438  -0.677292  \n",
      "Dalc         0.797758  -0.278385  -0.214836  -0.223061  \n",
      "Walc         1.404774  -0.539388  -0.411425  -0.306464  \n",
      "health      -0.333098  -0.337666  -0.511039  -0.390677  \n",
      "absences    64.049541  -0.823556  -0.956596   1.255703  \n",
      "G1          -0.823556  11.017053  10.638836  12.187682  \n",
      "G2          -0.956596  10.638836  14.148917  15.593697  \n",
      "G3           1.255703  12.187682  15.593697  20.989616  \n",
      "Correlation Matrix for student-mat:\n",
      "                  age      Medu      Fedu  traveltime  studytime  failures  \\\n",
      "age         1.000000 -0.163658 -0.163438    0.070641  -0.004140  0.243665   \n",
      "Medu       -0.163658  1.000000  0.623455   -0.171639   0.064944 -0.236680   \n",
      "Fedu       -0.163438  0.623455  1.000000   -0.158194  -0.009175 -0.250408   \n",
      "traveltime  0.070641 -0.171639 -0.158194    1.000000  -0.100909  0.092239   \n",
      "studytime  -0.004140  0.064944 -0.009175   -0.100909   1.000000 -0.173563   \n",
      "failures    0.243665 -0.236680 -0.250408    0.092239  -0.173563  1.000000   \n",
      "famrel      0.053940 -0.003914 -0.001370   -0.016808   0.039731 -0.044337   \n",
      "freetime    0.016434  0.030891 -0.012846   -0.017025  -0.143198  0.091987   \n",
      "goout       0.126964  0.064094  0.043105    0.028540  -0.063904  0.124561   \n",
      "Dalc        0.131125  0.019834  0.002386    0.138325  -0.196019  0.136047   \n",
      "Walc        0.117276 -0.047123 -0.012631    0.134116  -0.253785  0.141962   \n",
      "health     -0.062187 -0.046878  0.014742    0.007501  -0.075616  0.065827   \n",
      "absences    0.175230  0.100285  0.024473   -0.012944  -0.062700  0.063726   \n",
      "G1         -0.064081  0.205341  0.190270   -0.093040   0.160612 -0.354718   \n",
      "G2         -0.143474  0.215527  0.164893   -0.153198   0.135880 -0.355896   \n",
      "G3         -0.161579  0.217147  0.152457   -0.117142   0.097820 -0.360415   \n",
      "\n",
      "              famrel  freetime     goout      Dalc      Walc    health  \\\n",
      "age         0.053940  0.016434  0.126964  0.131125  0.117276 -0.062187   \n",
      "Medu       -0.003914  0.030891  0.064094  0.019834 -0.047123 -0.046878   \n",
      "Fedu       -0.001370 -0.012846  0.043105  0.002386 -0.012631  0.014742   \n",
      "traveltime -0.016808 -0.017025  0.028540  0.138325  0.134116  0.007501   \n",
      "studytime   0.039731 -0.143198 -0.063904 -0.196019 -0.253785 -0.075616   \n",
      "failures   -0.044337  0.091987  0.124561  0.136047  0.141962  0.065827   \n",
      "famrel      1.000000  0.150701  0.064568 -0.077594 -0.113397  0.094056   \n",
      "freetime    0.150701  1.000000  0.285019  0.209001  0.147822  0.075733   \n",
      "goout       0.064568  0.285019  1.000000  0.266994  0.420386 -0.009577   \n",
      "Dalc       -0.077594  0.209001  0.266994  1.000000  0.647544  0.077180   \n",
      "Walc       -0.113397  0.147822  0.420386  0.647544  1.000000  0.092476   \n",
      "health      0.094056  0.075733 -0.009577  0.077180  0.092476  1.000000   \n",
      "absences   -0.044354 -0.058078  0.044302  0.111908  0.136291 -0.029937   \n",
      "G1          0.022168  0.012613 -0.149104 -0.094159 -0.126179 -0.073172   \n",
      "G2         -0.018281 -0.013777 -0.162250 -0.064120 -0.084927 -0.097720   \n",
      "G3          0.051363  0.011307 -0.132791 -0.054660 -0.051939 -0.061335   \n",
      "\n",
      "            absences        G1        G2        G3  \n",
      "age         0.175230 -0.064081 -0.143474 -0.161579  \n",
      "Medu        0.100285  0.205341  0.215527  0.217147  \n",
      "Fedu        0.024473  0.190270  0.164893  0.152457  \n",
      "traveltime -0.012944 -0.093040 -0.153198 -0.117142  \n",
      "studytime  -0.062700  0.160612  0.135880  0.097820  \n",
      "failures    0.063726 -0.354718 -0.355896 -0.360415  \n",
      "famrel     -0.044354  0.022168 -0.018281  0.051363  \n",
      "freetime   -0.058078  0.012613 -0.013777  0.011307  \n",
      "goout       0.044302 -0.149104 -0.162250 -0.132791  \n",
      "Dalc        0.111908 -0.094159 -0.064120 -0.054660  \n",
      "Walc        0.136291 -0.126179 -0.084927 -0.051939  \n",
      "health     -0.029937 -0.073172 -0.097720 -0.061335  \n",
      "absences    1.000000 -0.031003 -0.031777  0.034247  \n",
      "G1         -0.031003  1.000000  0.852118  0.801468  \n",
      "G2         -0.031777  0.852118  1.000000  0.904868  \n",
      "G3          0.034247  0.801468  0.904868  1.000000  \n"
     ]
    },
    {
     "data": {
